1 1.4815325 0.2346517 2
41 1.4815325 0.2346517 1
2 1.4265847 0.4635255 2
42 1.4265847 0.4635255 1
3 1.3365098 0.68098575 2
43 1.3365098 0.68098575 1
4 1.2135255 0.88167787 2
44 1.2135255 0.88167787 1
5 1.0606601 1.0606601 2
45 1.0606601 1.0606601 1
6 0.88167787 1.2135255 2
46 0.88167787 1.2135255 1
7 0.68098575 1.3365098 2
47 0.68098575 1.3365098 1
8 0.4635255 1.4265847 2
48 0.4635255 1.4265847 1
9 0.2346517 1.4815325 2
49 0.2346517 1.4815325 1
10 0.0 1.5 2
50 0.0 1.5 1
11 -0.2346517 1.4815325 2
51 -0.2346517 1.4815325 1
12 -0.4635255 1.4265847 2
52 -0.4635255 1.4265847 1
13 -0.68098575 1.3365098 2
53 -0.68098575 1.3365098 1
14 -0.88167787 1.2135255 2
54 -0.88167787 1.2135255 1
15 -1.0606601 1.0606601 2
55 -1.0606601 1.0606601 1
16 -1.2135255 0.88167787 2
56 -1.2135255 0.88167787 1
17 -1.3365098 0.68098575 2
57 -1.3365098 0.68098575 1
18 -1.4265847 0.4635255 2
58 -1.4265847 0.4635255 1
19 -1.4815325 0.2346517 2
59 -1.4815325 0.2346517 1
20 -1.5 0.0 2
60 -1.5 0.0 1
21 -1.4815325 -0.2346517 2
61 -1.4815325 -0.2346517 1
22 -1.4265847 -0.4635255 2
62 -1.4265847 -0.4635255 1
23 -1.3365098 -0.68098575 2
63 -1.3365098 -0.68098575 1
24 -1.2135255 -0.88167787 2
64 -1.2135255 -0.88167787 1
25 -1.0606601 -1.0606601 2
65 -1.0606601 -1.0606601 1
26 -0.88167787 -1.2135255 2
66 -0.88167787 -1.2135255 1
27 -0.68098575 -1.3365098 2
67 -0.68098575 -1.3365098 1
28 -0.4635255 -1.4265847 2
68 -0.4635255 -1.4265847 1
29 -0.2346517 -1.4815325 2
69 -0.2346517 -1.4815325 1
30 0.0 -1.5 2
70 0.0 -1.5 1
31 0.2346517 -1.4815325 2
71 0.2346517 -1.4815325 1
32 0.4635255 -1.4265847 2
72 0.4635255 -1.4265847 1
33 0.68098575 -1.3365098 2
73 0.68098575 -1.3365098 1
34 0.88167787 -1.2135255 2
74 0.88167787 -1.2135255 1
35 1.0606601 -1.0606601 2
75 1.0606601 -1.0606601 1
36 1.2135255 -0.88167787 2
76 1.2135255 -0.88167787 1
37 1.3365098 -0.68098575 2
77 1.3365098 -0.68098575 1
38 1.4265847 -0.4635255 2
78 1.4265847 -0.4635255 1
39 1.4815325 -0.2346517 2
79 1.4815325 -0.2346517 1
40 1.5 0.0 2
80 1.5 0.0 1
81 3 4 0
82 3 -4 0
83 -3 -4 0
84 -3 4 0
85 3 4 1
86 3 -4 1
87 -3 -4 1
88 -3 4 1
89 1.5 -4 0.25
90 2.5 -4 0.25
91 1.5 -4 0.75
92 2.5 -4 0.75
93 1.5 4 0.25
94 2.5 4 0.25
95 1.5 4 0.75
96 2.5 4 0.75
97 -1 4 0.25
98 -1 4 0.75
99 -2.5 4 0.25
100 -2.5 4 0.75
191 1.5 4 0.25
192 2.5 4 0.25
193 2.5 -5 0.25
194 1.5 -5 0.25
195 1.5 5 0.75
196 2.5 5 0.75
197 2.5 -5 0.75
198 1.5 -5 0.75
199 0 0 0
200 0 0 0
201 1.5 -5 0.25
202 1.5 -5 1
203 1.5 -5.75 1
204 1.5 -5.75 0.25
205 2.5 -5 0.25
206 2.5 -5 1
207 2.5 -5.75 1
208 2.5 -5.75 0.25
209 1.3 -4.75 1.25
210 1.3 -6 1.25
211 2.7 -4.75 1.25
212 2.7 -6 1.25
213 1.3 -4.75 1.5
214 1.3 -6 1.5
215 2.7 -4.75 1.5
216 2.7 -6 1.5
221 -2.5 4.1 0.25
222 -1 4.1 0.25
223 -1 3.1 0.25
224 -2.5 3.1 0.25
225 -2.5 4.1 0.75
226 -1 4.1 0.75
227 -1 3.1 0.75
228 -2.5 3.1 0.75
231 0.47552827 0.1545085 2
232 0.4045085 0.29389262 2
233 0.29389262 0.4045085 2
234 0.1545085 0.47552827 2
235 0.0 0.5 2
236 -0.1545085 0.47552827 2
237 -0.29389262 0.4045085 2
238 -0.4045085 0.29389262 2
239 -0.47552827 0.1545085 2
240 -0.5 0.0 2
241 -0.47552827 -0.1545085 2
242 -0.4045085 -0.29389262 2
243 -0.29389262 -0.4045085 2
244 -0.1545085 -0.47552827 2
245 0.0 -0.5 2
246 0.1545085 -0.47552827 2
247 0.29389262 -0.4045085 2
248 0.4045085 -0.29389262 2
249 0.47552827 -0.1545085 2
250 0.5 0.0 2
251 -0.3 -0.1 2
252 -0.3 0.1 2
253 0.3 -0.1 2
254 0.3 0.1 2
261 0.47552827 0.1545085 -1
262 0.4045085 0.29389262 -1
263 0.29389262 0.4045085 -1
264 0.1545085 0.47552827 -1
265 0.0 0.5 -1
266 -0.1545085 0.47552827 -1
267 -0.29389262 0.4045085 -1
268 -0.4045085 0.29389262 -1
269 -0.47552827 0.1545085 -1
270 -0.5 0.0 -1
271 -0.47552827 -0.1545085 -1
272 -0.4045085 -0.29389262 -1
273 -0.29389262 -0.4045085 -1
274 -0.1545085 -0.47552827 -1
275 0.0 -0.5 -1
276 0.1545085 -0.47552827 -1
277 0.29389262 -0.4045085 -1
278 0.4045085 -0.29389262 -1
279 0.47552827 -0.1545085 -1
280 0.5 0.0 -1
255 -0.3 -0.1 -1
256 -0.3 0.1 -1
257 0.3 -0.1 -1
258 0.3 0.1 -1
259 0 0 2
260 0 0 -1
101 1.4815325 0.2346517 0
141 1.4815325 0.2346517 -1
102 1.4265847 0.4635255 0
142 1.4265847 0.4635255 -1
103 1.3365098 0.68098575 0
143 1.3365098 0.68098575 -1
104 1.2135255 0.88167787 0
144 1.2135255 0.88167787 -1
105 1.0606601 1.0606601 0
145 1.0606601 1.0606601 -1
106 0.88167787 1.2135255 0
146 0.88167787 1.2135255 -1
107 0.68098575 1.3365098 0
147 0.68098575 1.3365098 -1
108 0.4635255 1.4265847 0
148 0.4635255 1.4265847 -1
109 0.2346517 1.4815325 0
149 0.2346517 1.4815325 -1
110 0.0 1.5 0
150 0.0 1.5 -1
111 -0.2346517 1.4815325 0
151 -0.2346517 1.4815325 -1
112 -0.4635255 1.4265847 0
152 -0.4635255 1.4265847 -1
113 -0.68098575 1.3365098 0
153 -0.68098575 1.3365098 -1
114 -0.88167787 1.2135255 0
154 -0.88167787 1.2135255 -1
115 -1.0606601 1.0606601 0
155 -1.0606601 1.0606601 -1
116 -1.2135255 0.88167787 0
156 -1.2135255 0.88167787 -1
117 -1.3365098 0.68098575 0
157 -1.3365098 0.68098575 -1
118 -1.4265847 0.4635255 0
158 -1.4265847 0.4635255 -1
119 -1.4815325 0.2346517 0
159 -1.4815325 0.2346517 -1
120 -1.5 0.0 0
160 -1.5 0.0 -1
121 -1.4815325 -0.2346517 0
161 -1.4815325 -0.2346517 -1
122 -1.4265847 -0.4635255 0
162 -1.4265847 -0.4635255 -1
123 -1.3365098 -0.68098575 0
163 -1.3365098 -0.68098575 -1
124 -1.2135255 -0.88167787 0
164 -1.2135255 -0.88167787 -1
125 -1.0606601 -1.0606601 0
165 -1.0606601 -1.0606601 -1
126 -0.88167787 -1.2135255 0
166 -0.88167787 -1.2135255 -1
127 -0.68098575 -1.3365098 0
167 -0.68098575 -1.3365098 -1
128 -0.4635255 -1.4265847 0
168 -0.4635255 -1.4265847 -1
129 -0.2346517 -1.4815325 0
169 -0.2346517 -1.4815325 -1
130 0.0 -1.5 0
170 0.0 -1.5 -1
131 0.2346517 -1.4815325 0
171 0.2346517 -1.4815325 -1
132 0.4635255 -1.4265847 0
172 0.4635255 -1.4265847 -1
133 0.68098575 -1.3365098 0
173 0.68098575 -1.3365098 -1
134 0.88167787 -1.2135255 0
174 0.88167787 -1.2135255 -1
135 1.0606601 -1.0606601 0
175 1.0606601 -1.0606601 -1
136 1.2135255 -0.88167787 0
176 1.2135255 -0.88167787 -1
137 1.3365098 -0.68098575 0
177 1.3365098 -0.68098575 -1
138 1.4265847 -0.4635255 0
178 1.4265847 -0.4635255 -1
139 1.4815325 -0.2346517 0
179 1.4815325 -0.2346517 -1
140 1.5 0.0 0
180 1.5 0.0 -1

Faces:
81 82 83 84.
84 83 82 81.
85 86 87 88.
88 87 86 85.
81 85 86 82.
82 86 85 81.
83 87 88 84.
84 88 87 83.
83 87 86 82 -90 92 91 89 90 -82.
81 85 88 84 -97 99 100 98 97 -95 96 94 93 95 -84.
82 86 87 83 -89 91 92 90 89 -83.
84 88 85 81 -93 94 96 95 93 -98 100 99 97 98 -81.
191 192 193 194.
198 197 196 195.
191 195 196 192.
193 197 198 194.
192 196 197 193.
194 198 195 191.
204 203 202 201.
205 206 207 208.
201 205 208 204.
202 203 207 206.
204 201 205 208.
204 208 207 203.
206 205 201 202.
202 203 210 209.
210 214 213 209.
207 206 211 212.
211 215 216 212.
203 207 212 210.
212 216 214 210.
206 202 209 211.
209 213 215 211.
214 216 215 213.
221 222 223 224.
228 227 226 225.
221 225 226 222.
223 227 228 224.
222 226 227 223.
224 228 225 221.
1 2 3 4 5 6 7 8 9 10 11 12 13 14 15 16 17 18 19 20 21 22 23 24 25 26 27 28 29 30 31 32 33 34 35 36 37 38 39 40.
80 79 78 77 76 75 74 73 72 71 70 69 68 67 66 65 64 63 62 61 60 59 58 57 56 55 54 53 52 51 50 49 48 47 46 45 44 43 42 41.
2 1 41 42.
3 2 42 43.
4 3 43 44.
5 4 44 45.
6 5 45 46.
7 6 46 47.
8 7 47 48.
9 8 48 49.
10 9 49 50.
11 10 50 51.
12 11 51 52.
13 12 52 53.
14 13 53 54.
15 14 54 55.
16 15 55 56.
17 16 56 57.
18 17 57 58.
19 18 58 59.
20 19 59 60.
21 20 60 61.
22 21 61 62.
23 22 62 63.
24 23 63 64.
25 24 64 65.
26 25 65 66.
27 26 66 67.
28 27 67 68.
29 28 68 69.
30 29 69 70.
31 30 70 71.
32 31 71 72.
33 32 72 73.
34 33 73 74.
35 34 74 75.
36 35 75 76.
37 36 76 77.
38 37 77 78.
39 38 78 79.
40 39 79 80.
1 40 80 41.
101 102 103 104 105 106 107 108 109 110 111 112 113 114 115 116 117 118 119 120 121 122 123 124 125 126 127 128 129 130 131 132 133 134 135 136 137 138 139 140.
180 179 178 177 176 175 174 173 172 171 170 169 168 167 166 165 164 163 162 161 160 159 158 157 156 155 154 153 152 151 150 149 148 147 146 145 144 143 142 141.
102 101 141 142.
103 102 142 143.
104 103 143 144.
105 104 144 145.
106 105 145 146.
107 106 146 147.
108 107 147 148.
109 108 148 149.
110 109 149 150.
111 110 150 151.
112 111 151 152.
113 112 152 153.
114 113 153 154.
115 114 154 155.
116 115 155 156.
117 116 156 157.
118 117 157 158.
119 118 158 159.
120 119 159 160.
121 120 160 161.
122 121 161 162.
123 122 162 163.
124 123 163 164.
125 124 164 165.
126 125 165 166.
127 126 166 167.
128 127 167 168.
129 128 168 169.
130 129 169 170.
131 130 170 171.
132 131 171 172.
133 132 172 173.
134 133 173 174.
135 134 174 175.
136 135 175 176.
137 136 176 177.
138 137 177 178.
139 138 178 179.
140 139 179 180.
101 140 180 141.
231 232 233 234 235 236 237 238 239 240 241 242 243 244 245 246 247 248 249 250.
251 252 254 253.
253 254 252 251.
280 279 278 277 276 275 274 273 272 271 270 269 268 267 266 265 264 263 262 261.
255 256 258 257.
257 258 256 255.